22	36494058
22	26007522
22	33367261
22	44056438
22	38936804
22	42402091
22	40895726
22	30664042
22	22215368
22	37324227
22	49694800
22	19688217
22	43940430
22	43940218
22	26943689
22	19922454
22	32652939
22	47692982
22	34783555
22	25934403
22	48057849
22	33123593
22	22000971
22	49441098
22	27350157
22	31596390
22	26653047
22	27002975
22	44394557
22	27029459
22	44996489
22	39492769
22	26020604
22	21589649
22	22351840
22	24304886
22	23359943
22	48346285
22	35064657
22	32266294
22	26399063
22	44569484
22	25929236
22	33810613
22	20952112
22	32268254
22	22307262
22	45341906
22	26491863
22	33277139
22	22677485
22	25236299
22	25523525
22	26826323
22	29651931
22	32605368
22	33044234
22	34694531
22	36900494
22	40487595
22	43288124
22	45034396
22	46810776
22	33662250
22	29444313
22	19846503
22	35264882
22	32512751
22	35607006
22	42383012
22	19225510
22	19196584
22	30423770
22	23570536
22	39938923
22	18029516
22	17198422
22	18035885
22	35529868
22	34855932
22	33496604
22	49447421
22	48370360
22	35399420
22	27553168
22	17638084
22	19050221
22	27089149
22	28979038
22	49396887
22	17381186
22	19841917
22	17288175
22	30831766
22	33128060
22	34407560
22	34464001
22	36110325
22	36973981
22	38636343
22	22243567
22	22244803
22	42381929
22	23603182
22	20615888
22	24985078
22	25870515
22	26935330
22	26970365
22	27033313
22	44244020
22	47359575
22	47833011
22	47875017
22	48049142
22	48296844
22	49396162
22	49508197
22	32308390
22	20527098
22	32479203
22	17892109
22	17116407
22	48799789
22	39885301
22	44534094
22	49310508
22	44538003
22	45193609
22	32862790
22	23885938
22	17179666
22	27252298
22	17180288
22	46777261
22	38215291
22	29825131
22	30028388
22	50084988
22	38562255
22	27042397
22	34936826
22	27422635
22	47693100
22	32708987
22	48291264
22	49042669
22	34640272
22	33941394
22	36391885
22	32833818
22	43543003
22	40335130
22	27116272
22	23641235
22	17463955
22	31926428
22	48291109
22	49543514
22	27587461
22	44841055
22	30483295
22	16985601
22	47816526
22	27514798
22	25853031
22	16926676
22	34846744
22	25067857
22	32843723
22	19412571
22	45138414
22	25106877
22	21988657
22	25754694
22	34081478
22	20741869
22	39326881
22	32546810
22	43309672
22	36176205
22	27808809
22	33119101
22	45446523
22	48289469
22	17289291
22	47853143
22	27583832
22	32604408
22	27300233
22	19849182
22	35112833
22	32722343
22	33812297
22	40160112
22	47986281
22	27380382
22	48057774
22	40770131
22	49403882
22	27568577
22	45459321
22	46852446
22	30667845
22	35136154
22	30210575
22	27675510
22	44105755
22	33432779
22	37859192
22	26445424
22	27506393
22	46920045
22	39100739
22	49064980
22	21710962
22	33829371
22	32307237
22	26263329
22	26263635
22	26245989
22	33880281
22	47877640
22	19340415
22	36524015
22	50391827
22	26037088
22	17400253
22	32165601
22	25782614
22	50423877
22	27782960
22	47385912
22	21988259
22	33860381
22	17060783
22	33710518
22	47510865
22	17303712
22	34462627
22	27620192
22	48811313
22	34276769
22	27044640
22	42397557
22	44305813
22	50383516
22	32853284
22	48290813
22	35426771
22	19637017
22	26125063
22	49407097
22	31304522
22	34898054
22	25213713
22	32935338
22	28704901
22	24997509
22	34956408
22	48313394
22	32493571
22	36042422
22	31044717
22	25177464
22	25749688
22	28806075
22	32255275
22	27574607
22	48058653
22	44525119
22	32883460
22	23473386
22	48198497
22	23592051
22	34686442
22	27166239
22	48118826
22	35113395
22	24835739
22	18062621
22	45417807
22	46194381
22	26716005
22	49132579
22	34097843
22	32767315
22	36730811
22	33035233
22	31038717
22	25787450
22	26884663
22	49368145
22	19924308
22	27482658
22	20490376
22	29195725
22	32012504
22	45077186
22	40239272
22	34987836
22	33869808
22	16929007
22	22157039
22	34164387
22	38164829
22	26234053
22	43480339
22	32387917
22	41782437
22	27397328
22	16803473
22	25730048
22	26966804
22	49179261
22	49197150
22	35144658
22	28987939
22	27269181
22	25336087
22	43318249
22	49179247
22	31438214
22	45063910
22	17466386
22	29809948
22	49357280
22	43593564
22	32543733
22	26069300
22	41181960
22	26610172
22	40121053
22	23891727
22	17638480
22	26266076
22	35012546
22	47095563
22	19605633
22	48071131
22	48004480
22	36757245
22	37371564
22	17510346
22	17525900
22	17542071
22	17588678
22	47515244
22	47522071
22	45526586
22	27783835
22	33312694
22	32806429
22	32824707
22	32825953
22	44066072
22	42665476
22	42680803
22	35684766
22	34319424
22	32526422
22	32529257
22	32769478
22	48072007
22	30695152
22	34529506
22	48784696
22	33066753
22	19694304
22	45062034
22	17084998
22	27092952
22	32584469
22	38630734
22	24869823
22	34465372
22	43660092
22	27296093
22	27286636
22	22861299
22	17148171
22	20384399
22	27423289
22	26999329
22	22082342
22	34436532
22	47969374
22	36941730
22	44126470
22	33665229
22	20651905
22	23622833
22	37413102
22	38505521
22	25831072
22	34973914
22	27361116
22	26407240
22	27538177
22	19286738
22	33226681
22	17919903
22	45844837
22	26393675
22	32881438
22	19635863
22	34101994
22	47613121
22	49380054
22	25784065
22	27285449
22	34117788
22	34132456
22	48389374
22	48390769
22	48392224
22	47455600
22	47461788
22	34367569
22	46923312
22	34149409
22	48772801
22	48775746
22	48784723
22	48787192
22	47516431
22	32649009
22	44496255
22	31720397
22	23492253
22	23526943
22	23537152
22	24526484
22	23548649
22	21562901
22	50628493
22	36946677
22	22245125
22	45029214
22	45029352
22	45032725
22	45039321
22	45042210
22	45055386
22	45055979
22	47678115
22	47694109
22	47758265
22	29129138
22	44774242
22	38906778
22	28903818
22	28922736
22	28925020
22	39582034
22	36022232
22	36061565
22	36136274
22	36146253
22	36147850
22	36160775
22	36161452
22	36161502
22	36166976
22	36168122
22	36175868
22	36191656
22	36201831
22	36204245
22	36208559
22	36209285
22	36225663
22	45129309
22	45132192
22	45157682
22	45171154
22	25165248
22	41401820
22	38165516
22	38166049
22	40654604
22	40675727
22	40682469
22	40685557
22	25306158
22	25335266
22	41995172
22	42020052
22	22047705
22	39867355
22	22049685
22	32636055
22	35418969
22	32577084
22	48370088
22	48183506
22	48192677
22	48195205
22	48197225
22	48204555
22	48264718
22	48270474
22	48270638
22	48273864
22	48287706
22	48288383
22	48311783
22	48345771
22	37435058
22	44453681
22	25759855
22	25770044
22	44126006
22	44127670
22	44128317
22	33020493
22	33020791
22	33026521
22	27626764
22	27633718
22	27637065
22	27648090
22	27654568
22	19265809
22	27676045
22	27690147
22	27732203
22	28228331
22	28245146
22	35134490
22	35135764
22	35137415
22	35138137
22	35149308
22	35149922
22	35154238
22	33834202
22	35200157
22	49531010
22	49519373
22	49517522
22	28406490
22	29061594
22	29078289
22	29081623
22	29086233
22	29105693
22	29107967
22	26098646
22	26104451
22	26105918
22	26108071
22	26118513
22	26122489
22	26145122
22	26154573
22	26170791
22	26177274
22	26192440
22	27255754
22	27257227
22	27257436
22	27273875
22	27274387
22	27277250
22	27278871
22	27288197
22	45664661
22	42255961
22	42265138
22	42265929
22	27017580
22	27025880
22	27029827
22	27031341
22	27123825
22	27127986
22	27129401
22	27161967
22	43102155
22	33312873
22	43449809
22	43447158
22	43437779
22	47231481
22	47544679
22	32774115
22	34462182
22	34099476
22	34103569
22	34105552
22	49113844
22	49114655
22	49119728
22	49132059
22	49133688
22	48064913
22	48071753
22	48076384
22	48077422
22	48028113
22	48011292
22	48003850
22	44281767
22	44250783
22	46157608
22	32583287
22	48165576
22	44502310
22	28154018
22	46706598
22	38260679
22	38267850
22	38312399
22	49543536
22	49543733
22	49556003
22	49557021
22	49619925
22	44378607
22	44383423
22	44398049
22	44400015
22	44416156
22	45785216
22	45846268
22	46948101
22	46952789
22	46952938
22	46962616
22	46991420
22	36236979
22	36239921
22	36265520
22	36265600
22	36268440
22	36276230
22	36359453
22	30836087
22	30823882
22	30810408
22	30796036
22	30773774
22	30722396
22	30720766
22	30712164
22	32180437
22	32188611
22	26835167
22	26838208
22	26839368
22	26844062
22	26847271
22	26848544
22	26858493
22	44933932
22	45528800
22	49406796
22	49408801
22	49435469
22	49445015
22	31876672
22	44652373
22	27402694
22	27403045
22	27404494
22	27408058
22	42617830
22	27535171
22	26269708
22	26274119
22	26292865
22	22040351
22	26296220
22	34896519
22	34744649
22	34771453
22	33106181
22	33116120
22	33123766
22	33183784
22	33188897
22	33192238
22	33214631
22	33219857
22	33240010
22	32858296
22	32863117
22	32866948
22	32880920
22	32886984
22	32894202
22	39336166
22	39344073
22	43682627
22	43683800
22	49988558
22	39882389
22	39900374
22	39940817
22	39940841
22	39948039
22	39979699
22	43823228
22	43824793
22	43826960
22	45711225
22	45746785
22	50118978
22	50121524
22	50124711
22	21622646
22	50132423
22	40806132
22	40815225
22	40853518
22	40876139
22	38393931
22	46610571
22	46600051
22	46599944
22	25268784
22	44555387
22	44564163
22	44569440
22	44579333
22	44583580
22	27976846
22	28069616
22	35332473
22	49788267
22	49789514
22	35523399
22	44211775
22	44215101
22	44217642
22	44225302
22	44230284
22	39103599
22	39104927
22	39123191
22	39156998
22	41231382
22	41814981
22	24794512
22	24796465
22	24827953
22	24829912
22	24836895
22	24845414
22	24846625
22	24852798
22	24852888
22	24901546
22	24904691
22	24912305
22	49726702
22	49734782
22	49752821
22	37876922
22	37975321
22	40324959
22	40330745
22	36453868
22	36548975
22	36573885
22	37581411
22	29279412
22	23485117
22	23492852
22	24517455
22	24715500
22	16396408
22	36637217
22	45036753
22	32851872
22	32848327
22	34417263
22	18145732
22	25535405
22	32211129
22	49308698
22	43733230
22	27479371
22	48929017
22	24749786
22	48416429
22	36763349
22	49368160
22	34991116
22	33168773
22	36121884
22	26810326
22	26765097
22	23145346
22	34241101
22	34272341
22	34216946
22	27263269
22	27287516
22	27226946
22	28376829
22	25144875
22	35520251
22	44126432
22	49004740
22	33908085
22	35655145
22	19666929
22	22194122
22	44835878
22	19944145
22	27577608
22	33066131
22	49123000
22	25193825
22	26930652
22	46181313
22	43393628
22	17469875
22	20084129
22	27382770
22	38579506
22	39205806
22	36732550
22	46844967
22	25874497
22	26221712
22	20094329
22	16837260
22	16833261
22	22423211
22	20816827
22	20556596
22	16849519
22	42127941
22	34409819
22	24777377
22	24817056
22	24830190
22	24886744
22	25573488
22	25684823
22	25723137
22	26061818
22	26064751
22	26075080
22	26095852
22	26099899
22	26193786
22	26210467
22	26306242
22	16845660
22	26334033
22	26335227
22	22047481
22	26382781
22	26465755
22	26529987
22	26552255
22	26606822
22	26653068
22	17513429
22	19915148
22	26846444
22	26883596
22	26895281
22	26903768
22	26908682
22	26947390
22	26981833
22	26983889
22	27020234
22	27059019
22	27124703
22	27146882
22	27231563
22	27294995
22	27329036
22	27339614
22	27396074
22	27396465
22	27397395
22	27411137
22	27475348
22	16757380
22	27554408
22	22171214
22	27633571
22	27641723
22	27659393
22	23857517
22	28358660
22	28504689
22	28712124
22	26967669
22	27070667
22	27070880
22	27569483
22	27638999
22	29103000
22	22341713
22	29439071
22	29454772
22	29680731
22	30196853
22	30217852
22	31575296
22	31859816
22	31879956
22	31912694
22	31970504
22	32272616
22	32324417
22	32431071
22	43593673
22	32598107
22	32605290
22	32617166
22	32635407
22	32699089
22	43945518
22	43963117
22	44013296
22	44253785
22	33072019
22	33116757
22	44811439
22	33259271
22	33271807
22	44414862
22	33383196
22	44590133
22	33723501
22	33761539
22	33856312
22	45059526
22	45061201
22	45070534
22	34105405
22	45215570
22	45452390
22	34447401
22	45527060
22	34522258
22	45746757
22	45778562
22	23638681
22	48118479
22	35133563
22	35567386
22	47093657
22	36107202
22	36366443
22	47448326
22	47585964
22	47666450
22	36912649
22	47759523
22	47767545
22	36969233
22	37008126
22	47878750
22	47902310
22	47947322
22	48100799
22	38483490
22	48463357
22	38729524
22	48540453
22	48929714
22	48929798
22	38943775
22	49354482
22	39304753
22	39890266
22	40252194
22	40363304
22	40382227
22	40509068
22	41893313
22	42211811
22	42397116
22	42677025
22	42821074
22	43320965
22	24050841
22	46932099
22	49141070
22	49253888
22	17411026
22	18084151
22	18980069
22	19271716
22	19796334
22	19927331
22	49474519
22	26182255
22	39189917
22	26331163
22	26339847
22	39887423
22	27019292
22	27037922
22	16738466
22	27170604
22	27177783
22	27534941
22	27593985
22	27676032
22	17513100
22	17516116
22	17522347
22	16715410
22	27161387
22	17532972
22	27171282
22	27180055
22	17553499
22	41748368
22	27495754
22	29445653
22	42188606
22	29379034
22	29395245
22	16823356
22	28982622
22	44880466
22	23492702
22	23801938
22	23861559
22	45610230
22	45613183
22	45613528
22	43774597
22	34141024
22	25782280
22	45058958
22	45378388
22	29873716
22	25072863
22	25203882
22	47878648
22	32091713
22	32112017
22	32438056
22	32466867
22	47927890
22	47949012
22	48064872
22	32575512
22	35087749
22	33142272
22	33145561
22	33259611
22	33707927
22	33708202
22	33861233
22	30492507
22	17462474
22	17513278
22	18066875
22	19671231
22	34002062
22	36971495
22	37101986
22	38282381
22	38382952
22	20636375
22	46747331
22	49070190
22	32444239
22	32485594
22	49461753
22	33081629
22	33203636
22	20814301
22	16934600
22	16994516
22	20857920
22	17199629
22	17408713
22	17329163
22	20899436
22	19016425
22	20624385
22	20791177
22	21714228
22	21821696
22	22018120
22	46812112
22	34451308
22	49085434
22	49427766
22	47444372
22	46853319
22	24072436
22	34590475
22	27289708
22	17728419
22	17750234
22	19280057
22	17424282
22	21989156
22	34230464
22	49197580
22	36856642
22	48353612
22	25015453
22	43936063
22	35074547
22	36709135
22	27427253
22	28710745
22	27615106
22	27620781
22	23927243
22	24749504
22	24749486
22	22047138
22	33830452
22	33577526
22	32740951
22	35642118
22	47239541
22	36129933
22	26457939
22	26458475
22	26398726
22	26362409
22	38391934
22	34951143
22	29409878
22	43054344
22	37321379
22	17431541
22	16948544
22	27526746
22	27526653
22	26019599
22	19655722
22	16920944
22	17092382
22	18054379
22	38319217
22	29232752
22	39118350
22	24918226
22	23465552
22	24092897
22	36995956
22	47336990
22	26985173
22	36238986
22	27720781
22	25504856
22	49362628
22	26633581
22	27774043
22	29676696
22	16923046
22	36267956
22	25509701
22	44361191
22	33690430
22	37155270
22	26644030
22	31118491
22	23419473
22	34452559
22	35078229
22	34982206
22	33796438
22	17231252
22	43461434
22	34142666
22	19300339
22	20946607
22	42816775
22	47221382
22	24770353
22	25157570
22	34293343
22	36629772
22	36149613
22	18022302
22	33083594
22	27646565
22	18137134
22	17498704
22	33694887
22	32307305
22	32412368
22	36539325
22	36575910
22	22408439
22	33845823
22	32629194
22	35835310
22	47331830
22	49615450
22	34483988
22	37556486
22	28145362
22	27523818
22	47884757
22	30472115
22	33051323
22	42210251
22	23745132
22	16592585
22	23199301
22	36284779
22	35381625
22	45842925
22	44395824
22	40681976
22	49539066
22	32850045
22	25902787
22	25902907
22	16808098
22	36923039
22	48346844
22	29058790
22	32394823
22	43040163
22	43936773
22	43998522
22	24898402
22	22195678
22	22344200
22	19508444
22	20002367
22	30008007
22	30340158
22	17884055
22	17891119
22	40362577
22	38858551
22	33276908
22	36875840
22	45183621
22	48256372
22	32332882
22	32333543
22	32435822
22	32436887
22	36516677
22	25105917
22	35607892
22	43069523
22	43069808
22	43052111
22	19683684
22	19284308
22	27740989
22	32442268
22	37535839
22	44178524
22	44104263
22	36946958
22	24737085
22	46866492
22	37447223
22	36155868
22	34334645
22	25527243
22	24978467
22	24978536
22	35636924
22	47854987
22	22176688
22	22607735
22	27659505
22	20650881
22	45173964
22	27159355
22	44118794
22	43995806
22	36746610
22	45122795
22	47958090
22	22421465
22	32747676
22	32556026
22	33337991
22	34948328
22	35946342
22	25884495
22	17453649
22	49355494
22	27358813
22	27360478
22	27378463
22	29054935
22	24869667
22	29398038
22	47716814
22	17431799
22	19106652
22	46568939
22	29098605
22	34867913
22	22143005
22	34078656
22	47515789
22	32541415
22	36821128
22	33172574
22	47237488
22	28965171
22	43878234
22	26953639
22	26974819
22	26848722
22	34405307
22	42203440
22	34827830
22	26393940
22	36191438
22	26815609
22	38538601
22	17108407
22	29260400
22	24500046
22	18126298
22	18126880
22	38820662
22	32253444
22	36520109
22	26027014
22	28741882
22	28741956
22	23880523
22	16591593
22	19060936
22	45851342
22	19201264
22	32538153
22	32538239
22	44479772
22	37241801
22	36265284
22	26495957
22	21009671
22	30925961
22	30461386
22	17086809
22	21054902
22	29652193
22	45188515
22	45190636
22	21973944
22	23204713
22	25220484
22	26564723
22	27883778
22	29370977
22	30556409
22	30557308
22	31943796
22	32862063
22	33405157
22	33467232
22	33508768
22	33690697
22	33710565
22	33710867
22	33714298
22	33721153
22	33763549
22	33823952
22	33828928
22	33829494
22	33829939
22	33883024
22	33911887
22	36580928
22	36619471
22	36820438
22	41482591
22	41509274
22	41841765
22	42986092
22	44031684
22	44031823
22	44060605
22	44134540
22	17541816
22	50610086
22	44842578
22	43859342
22	25872373
22	25872496
22	25941944
22	41884614
22	30470393
22	35283958
22	36385523
22	36476703
22	43936690
22	43999509
22	23579394
22	24067613
22	19423915
22	45852290
22	21776836
22	26526728
22	26530081
22	26564436
22	27755132
22	33332049
22	33353290
22	33355877
22	33614724
22	33699999
22	33739446
22	33879572
22	36574240
22	36577711
22	36590045
22	36592607
22	36620567
22	36682504
22	36694298
22	36808185
22	38148291
22	38163402
22	39967774
22	42929346
22	44059593
22	47565959
22	42584672
22	26793573
22	25881588
22	25888141
22	25941651
22	20092924
22	16807487
22	17598370
22	37101553
22	37104603
22	37113804
22	37146161
22	32244070
22	32244100
22	38657044
22	43946106
22	43946445
22	23608459
22	44051606
22	25870972
22	25880903
22	25881062
22	25924048
22	29529232
22	17143182
22	17143325
22	49281890
22	49310587
22	49312299
22	22082930
22	22307261
22	22315748
22	23419049
22	23419202
22	25245058
22	25546628
22	26070799
22	26334206
22	26815022
22	26971009
22	27029629
22	47094301
22	48799268
22	47587627
22	47766382
22	47888276
22	50134044
22	50700952
22	27165990
22	44577702
22	44959170
22	44972460
22	45645116
22	16805059
22	16955956
22	31581888
22	21994691
22	33760620
22	33773305
22	33723912
22	33724622
22	33725877
22	33727803
22	33739486
22	33741280
22	33744968
22	21941747
22	33694376
22	33695583
22	17349065
22	17401906
22	17910768
22	18144963
22	43998139
22	21904094
22	30090837
22	32651536
22	32730006
22	33113580
22	33440805
22	34092463
22	35662029
22	36076295
22	37447813
22	39554167
22	32987434
22	32989256
22	32978142
22	32846175
22	32883250
22	32870878
22	32833844
22	32828453
22	32825044
22	34026105
22	34036818
22	34047317
22	34100729
22	34118821
22	34001464
22	36281354
22	37037988
22	27002549
22	27009422
22	27009662
22	29299939
22	17463835
22	21104515
22	17463647
22	17467456
22	17486830
22	17407829
22	17415036
22	17430953
22	19111453
22	29642163
22	17720084
22	17676641
22	17057192
22	21103793
22	18161935
22	21105931
22	34455385
22	49348644
22	49309085
22	49252130
22	32673942
22	45276828
22	44269184
22	44416049
22	19089536
22	35367321
22	42129770
22	30333518
22	47001084
22	16731663
22	16733362
22	16721712
22	16722213
22	17053868
22	43947472
22	27531065
22	48866191
22	48864371
22	17437110
22	35451283
22	48870773
22	29657129
22	29659685
22	29679063
22	17463087
22	32543828
22	49290357
22	49308268
22	49199424
22	49219057
22	49229360
22	49229612
22	49255851
22	33744297
22	32584690
22	32602033
22	31953625
22	35454329
22	43323433
22	36683471
22	35487745
22	20680521
22	36431049
22	18899402
22	19646807
22	19794300
22	27481237
22	48852407
22	40215008
22	48838252
22	25714338
22	23030238
22	24838514
22	24894520
22	48414307
22	27131536
22	45124169
22	17430479
22	44127713
22	33807208
22	36722244
22	36831903
22	39986245
22	40004908
22	39955434
22	40682661
22	26524082
22	27742018
22	31434435
22	18167915
22	31277397
22	26512467
22	43320318
22	37148770
22	42214093
22	34796096
22	30093956
22	32648949
22	49002214
22	44655497
22	48289232
22	30733539
22	26562427
22	30170705
22	48242850
22	25758541
22	27603729
22	32538728
22	44042088
22	48214740
22	26004008
22	16652574
22	45748640
22	43554973
22	48214090
22	48342321
22	35012904
22	48206790
22	21634853
22	27618971
22	48273459
22	25533571
22	24198381
22	32885068
22	47931474
22	34073359
22	43790495
22	29173031
22	27078014
22	41195356
22	25876277
22	17145025
22	42149902
22	30615363
22	22488462
22	49007714
22	30612880
22	29060683
22	24056740
22	47478378
22	18118648
22	18128456
22	18094572
22	17342371
22	20399325
22	22514169
22	20388160
22	19276175
22	18104104
22	22515418
22	22514799
22	18125669
22	20390911
22	22514894
22	22517586
22	22515823
22	18127343
22	29804724
22	25704070
22	50134341
22	19275691
22	23595545
22	26466075
22	26482015
22	26676049
22	29298000
22	38352499
22	43735906
22	44883649
22	26536184
22	26451620
22	35194821
22	17182227
22	17182350
22	18031762
22	23798161
22	24498888
22	24558864
22	26322675
22	31938309
22	32570509
22	32661638
22	32662060
22	32688359
22	32735060
22	32743506
22	32764411
22	36147441
22	36873465
22	39615268
22	44084644
22	44245706
22	44245744
22	44791910
22	45290209
22	45585414
22	45598623
22	47712570
22	44245172
22	44882619
22	49531280
22	50737198
22	50108237
22	31530739
22	27764086
22	33569927
22	42943870
22	17115025
22	17959756
22	22398024
22	18087409
22	21666405
22	17811445
22	49401852
22	36267581
22	50772964
22	46901883
22	47720505
22	21051266
22	47717041
22	22399519
22	21076765
22	20407073
22	21099699
22	21065510
22	25577711
22	25535718
22	41434870
22	23742867
22	26451552
22	41825842
22	27750396
22	44248032
22	44882151
22	45413581
22	46914584
22	40324700
22	40330667
22	40333433
22	40769674
22	30366189
22	36261694
22	44129620
22	19635080
22	19480194
22	22046492
22	22182456
22	38257869
22	43827186
22	22458070
22	47717297
22	17307832
22	33930156
22	34943006
22	27479399
22	48923447
22	33765121
22	18033553
22	46176847
22	46185026
22	46190213
22	46199138
22	46235763
22	26671082
22	27624596
22	21006771
22	26369265
22	21094739
22	47787195
22	47862281
22	32570121
22	44859580
22	47716880
22	30339919
22	32736904
22	45101514
22	22672600
22	36094437
22	46896457
22	18006486
22	38174835
22	48250665
22	48318541
22	23338426
22	48324188
22	48345986
22	27253743
22	27025669
22	42665731
22	33164994
22	42366018
22	44382474
22	42496590
22	27443962
22	32877883
22	30819903
22	33113010
22	47776175
22	26417486
22	17931209
22	34046949
22	48246661
22	48376981
22	18011214
22	22391604
22	18012704
22	35606938
22	24879556
22	27091270
22	17188348
22	35609081
22	32447158
22	32589701
22	26059593
22	48464870
22	18050668
22	19915003
22	49483282
22	18042934
22	34944595
22	47906099
22	26943909
22	35424261
22	18040448
22	18048218
22	29553520
22	22941056
22	29158195
22	28903313
22	48241244
22	33030344
22	49407294
22	31867145
22	43897774
22	38413597
22	40333610
22	27285221
22	27215034
22	25510836
22	25436275
22	27237556
22	27299096
22	17135620
22	17889943
22	17910798
22	19544855
22	19579626
22	16952320
22	16986521
22	16986584
22	17081023
22	17193227
22	17309841
22	17346794
22	30443359
22	32649860
22	32765838
22	33355076
22	34141461
22	35543322
22	35574157
22	20499874
22	36806135
22	36810297
22	36961095
22	36982817
22	22067863
22	38910625
22	39547025
22	22610004
22	23237668
22	24764331
22	24827695
22	25212581
22	25823638
22	25958689
22	26488073
22	27004391
22	27069666
22	27706383
22	29037107
22	30355638
22	30590578
22	30621335
22	30721441
22	31042945
22	31149405
22	31190262
22	31473481
22	32273939
22	32312704
22	32659056
22	33072123
22	33078803
22	33265778
22	33268366
22	33483153
22	33528933
22	33713019
22	33715992
22	33817516
22	33821237
22	33859640
22	33929311
22	34787286
22	35031435
22	35045512
22	35076600
22	35597736
22	35900061
22	36220235
22	36482113
22	36582143
22	36598016
22	36856876
22	36880042
22	36918248
22	37213254
22	37355905
22	22071082
22	22076634
22	38104375
22	38214250
22	22156977
22	22166332
22	38796990
22	39045198
22	39124810
22	39204646
22	39506520
22	20546290
22	41065832
22	41068537
22	41883502
22	22520154
22	42375220
22	42379942
22	42471326
22	22568011
22	42704573
22	22611337
22	42930104
22	43366204
22	22758727
22	22941147
22	23198422
22	23423078
22	23535546
22	23923472
22	24820859
22	24835455
22	25240713
22	25258847
22	20844488
22	25323946
22	25766808
22	25784571
22	25953967
22	26022602
22	26035025
22	26326691
22	26484590
22	26534190
22	26549736
22	26616930
22	26648353
22	26728779
22	26777135
22	26790358
22	26795979
22	26802756
22	26881720
22	26938615
22	27091618
22	27252230
22	27473231
22	27498013
22	27557457
22	27636866
22	27706498
22	27764996
22	29055683
22	29528836
22	29802036
22	43619411
22	43793068
22	44012361
22	44097441
22	44130250
22	44161183
22	44265564
22	45638047
22	45842243
22	44376760
22	44775849
22	44898562
22	45297997
22	47869327
22	47913069
22	48049404
22	48123977
22	46602247
22	47305961
22	47410446
22	47610081
22	47756756
22	47806806
22	47815783
22	47826296
22	47876212
22	47878283
22	47930703
22	48268753
22	48472061
22	49404362
22	48968037
22	49137003
22	49139381
22	48925968
22	48926733
22	49197517
22	49392843
22	49408433
22	49455375
22	48955955
22	48970311
22	50139092
22	27324866
22	27342265
22	25515104
22	26382495
22	33756912
22	27231355
22	32855421
22	35737692
22	44793569
22	26019328
22	27304958
22	27238838
22	27250794
22	27287070
22	27312891
22	27217169
22	25542058
22	27317035
22	45131964
22	27249297
22	27265917
22	27179580
22	20596277
22	27196780
22	27252447
22	25538754
22	27219449
22	27314382
22	27282502
22	27200649
22	27330205
22	27333781
22	27349647
22	17437370
22	17474721
22	17911167
22	18035993
22	16599488
22	19242842
22	19296215
22	19505678
22	19562820
22	19598313
22	19652759
22	16753607
22	16837443
22	16973596
22	16991142
22	17012630
22	17122911
22	17142518
22	17220640
22	17237716
22	17255520
22	17255617
22	17281646
22	17337077
22	17377016
22	17380308
22	17381714
22	17386309
22	17403331
22	17412507
22	17426806
22	17469431
22	17479153
22	17479399
22	17511820
22	17539271
22	17632485
22	17632626
22	17646194
22	17914354
22	17915681
22	17947892
22	18145865
22	19332240
22	19426736
22	19492172
22	19530556
22	19577818
22	19605778
22	19649051
22	19671576
22	16784234
22	16799932
22	16803650
22	16807310
22	16818371
22	16912130
22	16936852
22	16941099
22	16946774
22	16953363
22	17007305
22	17019979
22	17194434
22	17284615
22	17308120
22	30346136
22	30459687
22	30605835
22	30722408
22	32303468
22	32421180
22	32560521
22	32596403
22	32624633
22	32724234
22	32750297
22	33105757
22	33221815
22	33241395
22	33286111
22	33495161
22	33708458
22	33715655
22	33828880
22	33981031
22	34018477
22	20480802
22	34121170
22	34191054
22	34547080
22	34920292
22	34963515
22	34967067
22	35014781
22	35078065
22	35230229
22	35288540
22	35563195
22	35568675
22	35674374
22	35997332
22	36974880
22	37265247
22	37320089
22	22046869
22	22048542
22	22058144
22	22080038
22	22081861
22	22086902
22	22130206
22	22141457
22	38522889
22	22168878
22	22214430
22	39179687
22	39739553
22	40563916
22	41074999
22	22420139
22	22505893
22	42459093
22	42469706
22	42523119
22	23250864
22	23445152
22	24319081
22	24680631
22	24731898
22	24992998
22	25001773
22	25115503
22	25222595
22	25544766
22	25549737
22	20883507
22	25675591
22	25853310
22	25992740
22	26019509
22	26031882
22	26060401
22	26091200
22	20938456
22	26344121
22	26396147
22	26396677
22	26608938
22	26723656
22	26747282
22	26775613
22	26783421
22	26832947
22	26928189
22	26929086
22	26972256
22	26972515
22	26977971
22	27042581
22	27068091
22	27095081
22	27198149
22	27345493
22	27378818
22	27396539
22	27485235
22	27529761
22	27539863
22	27571314
22	27571691
22	27596786
22	27678554
22	27702328
22	27769015
22	27777582
22	27804188
22	27807762
22	27850873
22	27922044
22	27968466
22	27976715
22	28224919
22	28750515
22	28784010
22	29427779
22	29506203
22	30316400
22	30533323
22	30664995
22	30675657
22	30743666
22	30979599
22	31050935
22	31147274
22	31467139
22	31541428
22	31575272
22	31726047
22	32261117
22	32272384
22	32272540
22	32287178
22	32363270
22	32375030
22	32440722
22	32455725
22	32540312
22	32543490
22	32708362
22	32722062
22	32751289
22	32751497
22	32751540
22	32767878
22	32776019
22	32777442
22	32780848
22	32785355
22	32796558
22	32814668
22	33061898
22	33086273
22	33101468
22	33135349
22	33141861
22	33226332
22	33245307
22	33287749
22	33355792
22	33452024
22	33536638
22	33588771
22	33589024
22	33704958
22	20478049
22	33776290
22	33839689
22	33871290
22	33885059
22	33897528
22	33933235
22	34000992
22	34077767
22	34080814
22	34134897
22	34147521
22	34180027
22	34405816
22	34416096
22	34421263
22	34428117
22	34430597
22	34437248
22	34447865
22	34568645
22	34585278
22	34618748
22	34637477
22	34642322
22	34697149
22	34714332
22	34737001
22	34809501
22	34831341
22	34881047
22	34901320
22	34911291
22	34941206
22	34946728
22	34953379
22	34969102
22	35033985
22	35047302
22	35047427
22	35054311
22	35095976
22	35642653
22	35643111
22	35678549
22	35837714
22	36029677
22	36042533
22	36189673
22	36288285
22	36495811
22	21980398
22	36829244
22	36853449
22	36889852
22	36950970
22	36979627
22	37117508
22	37174805
22	37266395
22	37287898
22	22046101
22	37439541
22	37695653
22	22092163
22	22093327
22	22093522
22	22107948
22	22135515
22	22139298
22	22156342
22	38541789
22	38623848
22	22170254
22	38859586
22	38904260
22	38910779
22	38942136
22	22225910
22	39203740
22	39212899
22	39551569
22	39567168
22	39629232
22	39731288
22	22339960
22	22346872
22	40520378
22	20544967
22	40563256
22	22366931
22	41001791
22	41003430
22	41010915
22	41065861
22	22509111
22	42213142
22	42217479
22	42465650
22	42680335
22	22603353
22	43013200
22	43050882
22	43077428
22	43077656
22	43326619
22	43414066
22	22907933
22	23420552
22	23444583
22	23475704
22	23743920
22	23910410
22	24045997
22	24078755
22	24311144
22	24356867
22	24379676
22	24687181
22	24694801
22	24733997
22	24749127
22	24768993
22	24895109
22	24895128
22	24925820
22	24938902
22	24969747
22	25009146
22	25027095
22	25063146
22	25085014
22	25087218
22	25096859
22	25173972
22	25264737
22	20845607
22	25433989
22	25557884
22	25777694
22	25806449
22	25879493
22	25909021
22	25917778
22	25993383
22	25996268
22	26067058
22	26176864
22	26219272
22	26242711
22	26330745
22	26334849
22	26339799
22	26437220
22	26478138
22	26482058
22	26541121
22	26560024
22	26567778
22	26571408
22	26611305
22	26642889
22	26661475
22	26715358
22	26774762
22	26784429
22	26831256
22	26868917
22	26869276
22	26896905
22	26923505
22	26951718
22	27015747
22	27042669
22	27064831
22	27102464
22	27226154
22	27228043
22	27240645
22	27358177
22	27393673
22	27402871
22	27403265
22	27426936
22	27428102
22	27462840
22	27480407
22	27480978
22	27498960
22	27503906
22	27525830
22	27540277
22	27540619
22	27584915
22	27616050
22	27694209
22	27698049
22	27772359
22	27982484
22	28048756
22	28092307
22	28207224
22	28237583
22	28439470
22	28451018
22	28497220
22	28504013
22	28832142
22	28893358
22	28931919
22	28983743
22	28985164
22	28985389
22	29244320
22	29380868
22	29382730
22	29418335
22	29443179
22	29467163
22	29506393
22	29534075
22	29988583
22	43845562
22	44250035
22	43718981
22	43760556
22	44002644
22	44058858
22	44149665
22	43616333
22	45354103
22	45794157
22	44827880
22	45050993
22	45102306
22	45105596
22	45485346
22	45491977
22	45496776
22	45497854
22	45588335
22	45647099
22	45650832
22	45670385
22	44478765
22	45746634
22	45749926
22	45782499
22	44557620
22	44785665
22	44832749
22	44919792
22	45040748
22	45045561
22	45084824
22	45104637
22	45105270
22	45128028
22	47319973
22	47546133
22	47639563
22	47716708
22	47842070
22	47848514
22	47947640
22	48003607
22	48005570
22	48010815
22	48050499
22	48078424
22	48078471
22	48104662
22	48204475
22	48211202
22	48241507
22	48420954
22	46524009
22	46524641
22	47095119
22	47215743
22	47541847
22	47552839
22	47572413
22	47607053
22	47646711
22	47717463
22	47792504
22	47802363
22	47823203
22	47825870
22	47829968
22	47840194
22	47892644
22	47894182
22	47911295
22	47912155
22	47913616
22	47930162
22	47931202
22	47975972
22	48024668
22	48031754
22	48058747
22	48061323
22	48061457
22	48081205
22	48098708
22	48105541
22	48137921
22	48143237
22	48167846
22	48213882
22	48219230
22	48249968
22	48288100
22	48347518
22	48354633
22	48478107
22	46506713
22	46547657
22	46557636
22	25535613
22	46889590
22	46917186
22	46930078
22	49045869
22	49349446
22	49359525
22	49462628
22	48969821
22	49682648
22	48979782
22	48984941
22	49048587
22	49064743
22	49069391
22	49094523
22	49141319
22	49199634
22	49383054
22	49392026
22	49396958
22	49463187
22	49465093
22	49485233
22	48958619
22	49604319
22	48974790
22	49676185
22	48977019
22	49717641
22	50711739
22	50712045
22	48784448
22	48792098
22	48809686
22	48765693
22	48672561
22	25535639
22	26322375
22	26325768
22	26381128
22	20779597
22	20629305
22	20673850
22	17381590
22	17851807
22	17993175
22	19054186
22	19594543
22	19606437
22	16926459
22	16931916
22	16970820
22	17195010
22	17329593
22	17378818
22	17597388
22	17728056
22	18003516
22	18031905
22	18108133
22	18158881
22	19054383
22	19593420
22	19593808
22	16815536
22	16823567
22	16933213
22	17010042
22	17120087
22	17134482
22	17137274
22	17183898
22	17312316
22	17317910
22	17334806
22	30695947
22	31055471
22	31814314
22	31833663
22	31879367
22	32236556
22	32241909
22	32276761
22	33115208
22	33263801
22	33408818
22	33426559
22	33755962
22	34249368
22	34963675
22	35111838
22	35496753
22	35555019
22	35588338
22	35732403
22	36237061
22	36713608
22	21987850
22	37189960
22	37245400
22	38246488
22	38620398
22	22170474
22	22186667
22	39009506
22	39165474
22	39610621
22	41776076
22	42362239
22	42466475
22	42476080
22	22574130
22	43102108
22	23293737
22	23414236
22	23478803
22	24073165
22	24212361
22	24813757
22	24895715
22	25185899
22	25291601
22	25303324
22	25851489
22	25896908
22	25954137
22	26041843
22	26049461
22	26838660
22	26979566
22	27051117
22	27105109
22	27153180
22	27221032
22	27266512
22	27335440
22	27422805
22	27538329
22	27585409
22	28749551
22	30544385
22	30838022
22	31176977
22	31225806
22	31511441
22	31598420
22	31755718
22	31802876
22	31886730
22	31948855
22	32113102
22	32228152
22	32257540
22	32260190
22	32335930
22	32367182
22	32390230
22	32415965
22	32463715
22	32541842
22	32599765
22	32699574
22	33052098
22	33060104
22	33063145
22	33090949
22	33132724
22	33221829
22	33265974
22	33301048
22	33488470
22	33534539
22	33723817
22	33725252
22	33746949
22	33958285
22	34302389
22	34421901
22	34845607
22	34931484
22	34935052
22	34947634
22	35039988
22	35104525
22	35144430
22	35210118
22	35231926
22	35495148
22	35506730
22	35509020
22	35517929
22	35565923
22	35570113
22	35685968
22	36047627
22	36069467
22	36081979
22	36116935
22	36121424
22	36161575
22	36191231
22	36373993
22	36527097
22	36527111
22	36527184
22	36527452
22	36681319
22	36796955
22	36904368
22	22003803
22	36987006
22	37008796
22	20510653
22	37181298
22	37248075
22	22044328
22	37589333
22	22066838
22	37626615
22	22149505
22	22183804
22	38836758
22	22245352
22	39817275
22	39866477
22	22338716
22	40655105
22	40711714
22	41170591
22	42475109
22	42706931
22	42902304
22	43079914
22	43103997
22	43304000
22	43462636
22	43469599
22	22768162
22	22973455
22	23057565
22	23356632
22	23359617
22	23362002
22	23365751
22	23423766
22	23618000
22	23688180
22	23705470
22	23885059
22	23922208
22	24212956
22	24393664
22	24739715
22	24849616
22	24878360
22	25068343
22	25069098
22	25069175
22	25181879
22	25271916
22	25282163
22	25303640
22	25493418
22	25502195
22	25894621
22	26016789
22	26042529
22	26088519
22	26225389
22	26316256
22	26341182
22	26405321
22	26466004
22	26746403
22	26767843
22	26857057
22	26883786
22	26908772
22	26927728
22	26980627
22	26999646
22	27014786
22	27093471
22	27137767
22	27264387
22	27310980
22	27385822
22	27387224
22	27396627
22	27445730
22	27541720
22	27645007
22	27708053
22	27719594
22	27810206
22	27839099
22	28027947
22	28280264
22	28411289
22	28679138
22	28719844
22	28758249
22	28760460
22	28837274
22	28837354
22	29060745
22	29431267
22	30224638
22	30274004
22	43969862
22	44110353
22	43662797
22	43813284
22	44004818
22	44013487
22	44051166
22	44256277
22	45488606
22	45618799
22	44782649
22	44858015
22	44949953
22	45001838
22	45036566
22	45127510
22	45378200
22	45414168
22	44780981
22	44852618
22	44858173
22	45043046
22	45051049
22	45100474
22	45299787
22	45332489
22	47563954
22	47886560
22	48051565
22	48133582
22	48142624
22	46900516
22	47357825
22	47430584
22	47487014
22	47502836
22	47570072
22	47613184
22	47638484
22	47729268
22	47736839
22	47748198
22	47781959
22	47818252
22	47964830
22	47975667
22	48001925
22	48166772
22	48189107
22	48299054
22	48342651
22	48343830
22	48351285
22	46418774
22	46718766
22	46955035
22	49291284
22	49312842
22	49415663
22	49423525
22	48962985
22	49065952
22	49067339
22	49136319
22	49175297
22	49184984
22	49229284
22	49250638
22	49409938
22	49413847
22	49438421
22	48955650
22	49479847
22	49699242
22	49709322
22	49710663
22	50650785
22	50126885
22	48785864
22	48807815
22	41278517
22	26307622
22	26288252
22	26398859
22	20647135
22	26328595
22	26385284
22	26391946
22	26323169
22	26318616
22	26390556
22	26336432
22	19834296
22	30216960
22	30675367
22	31186676
22	32387314
22	33710759
22	37451429
22	40076395
22	22368114
22	22449980
22	23471071
22	25546838
22	26317998
22	27424000
22	28823134
22	44247744
22	46260582
22	49390257
22	49513012
22	49524286
22	20619099
22	26299111
22	33782550
22	26357765
22	26338175
22	25501012
22	33776601
22	26293669
22	26293734
22	33606745
22	25882712
22	25859081
22	28493747
22	25858074
22	25856898
22	25882501
22	25882161
22	43366351
22	49334622
22	49355399
22	19210439
22	29815887
22	17729765
22	33342545
22	35016778
22	29918103
22	49400693
22	33437867
22	26257246
22	27292374
22	26256964
22	48228180
22	34279913
22	26935614
22	45834343
22	43316530
22	30182161
22	35203224
22	26418642
22	25771118
22	26333039
22	33798758
22	38801934
22	25091877
22	45513015
22	35116640
22	32746168
22	35521499
22	48259138
22	45469053
22	41863094
22	49506040
22	30909855
22	17600825
22	22064696
22	31046322
22	33395388
22	26748759
22	48058609
22	35939912
22	32892889
22	36721501
22	32838944
22	32928886
22	19590635
22	49287847
22	47686162
22	26824029
22	26823918
22	27566757
22	33430335
22	26027511
22	33678475
22	34479579
22	49379414
22	26996111
22	38900499
22	45102024
22	31053775
22	48833889
22	18060922
22	49004572
22	32318352
22	33260382
22	47316926
22	26843842
22	39992304
22	30717446
22	48113376
22	31446568
22	36584055
22	43526794
22	17382326
22	17055291
22	27226655
22	47876022
22	22214219
22	47823346
22	49290512
22	27384443
22	25031679
22	48816918
22	22420762
22	18128031
22	49408460
22	47831652
22	32712995
22	49290733
22	34864014
22	41102623
22	19573900
22	36644045
22	17140814
22	26003466
22	26012761
22	36857197
22	27002786
22	27097191
22	27592267
22	19574189
22	33881446
22	35005423
22	33731864
22	38936224
22	26233129
22	27148947
22	27428355
22	18059545
22	28403448
22	22364591
22	41847614
22	27379836
22	45112525
22	17351252
22	26120085
22	27091835
22	49254937
22	26272209
22	49247692
22	45701242
22	44022159
22	27246957
22	29090276
22	48277386
22	48087741
22	43449700
22	17412031
22	44535712
22	29054868
22	32172799
22	49457563
22	17181273
22	33878568
22	45087702
22	38232382
22	19928416
22	41080333
22	27705267
22	44309360
22	49363781
22	17718438
22	31388413
22	45131934
22	23484679
22	45475587
22	41994205
22	37259085
22	22370583
22	46929624
22	25132674
22	38896312
22	32477509
22	41751175
22	35036908
22	33048036
22	17008687
22	35292630
22	32778663
22	32240102
22	35023131
22	32463632
22	23595624
22	19642314
22	44677892
22	25496387
22	16917618
22	49097060
22	40083444
22	33969393
22	23596051
22	47792600
22	23906183
22	26675731
22	38920727
22	36851836
22	26374774
22	27619364
22	40145977
22	32739782
22	33710020
22	27493666
22	47989201
22	32604083
22	46189087
22	36806662
22	31872414
22	32791956
22	27264786
22	26679233
22	47946077
22	27122986
22	27122853
22	26794771
22	29676770
22	48061879
22	39743434
22	22083639
22	34975718
22	20950120
22	31063269
22	17221772
22	17304309
22	29517283
22	17113996
22	16800502
22	21613932
22	27126468
22	27165538
22	27051416
22	27110964
22	27111169
22	39615692
22	48219909
22	32437182
22	39460027
22	39758871
22	27734084
22	43002956
22	26362817
22	49702128
22	44084517
22	36684693
22	36728253
22	45108231
22	27505000
22	27459018
22	27458733
22	31448307
22	49869354
22	47633473
22	28589338
22	47890242
22	47835608
22	27541124
22	23816078
22	24466770
22	22046025
22	22372004
22	22315393
22	46896592
22	33625477
22	32490798
22	32541973
22	32071664
22	47474961
22	33494643
22	37249190
22	34952415
22	39918156
22	37406307
22	40260884
22	26717778
22	25887053
22	25202134
22	39364878
22	29804410
22	49896277
22	38820296
22	36862771
22	36863231
22	27038873
22	27039124
22	48320051
22	48365950
22	48369769
22	32396455
22	44578887
22	34842495
22	38051437
22	48982682
22	43386931
22	48038245
22	27617487
22	27542021
22	24701281
22	22178249
22	22061038
22	33583619
22	32649633
22	47344452
22	44877298
22	41699460
22	43894435
22	26646142
22	22852927
22	43107541
22	27277219
22	32634040
22	36808021
22	32967435
22	19443873
22	36851236
22	27169996
22	27039178
22	27089997
22	48209066
22	27174609
22	29063744
22	25115163
22	44153773
22	27429651
22	26021990
22	44999587
22	33554551
22	27578858
22	22061594
22	27978231
22	32739724
22	35612648
22	36806504
22	34912370
22	49193178
22	44882029
22	47435027
22	37287335
22	26567473
22	49406458
22	22982664
22	26692823
22	43717933
22	27166948
22	48783133
22	48781165
22	36267202
22	20787146
22	41454496
22	27636492
22	48170111
22	43467417
22	36143804
22	36144386
22	36176368
22	35130288
22	19235829
22	33097446
22	19550467
22	32193103
22	23817533
22	48328081
22	40882322
22	21728499
22	40463000
22	27188214
22	47674595
22	27328735
22	47208506
22	49312567
22	30995860
22	49679606
22	37270831
22	32649425
22	49282856
22	35502756
22	38828900
22	33567952
22	32723127
22	48969016
22	47560447
22	37434778
22	44473150
22	47891569
22	48664404
22	27082894
22	25900380
22	37538718
22	22582123
22	27377724
22	32475396
22	49258533
22	48456751
22	21709817
22	34012046
22	33412439
22	49447830
22	27084921
22	33424270
22	49415358
22	33310296
22	22846956
22	44533552
22	41201373
22	41048682
22	34243064
22	37526407
22	47975335
22	48220475
22	32633984
22	48437141
22	44659243
22	48780006
22	25311505
22	24735458
22	23702328
22	36214340
22	47918517
22	18130278
22	22374815
22	26086876
22	19307010
22	44508284
22	47904511
22	31006057
22	17980842
22	27527438
22	46982580
22	48352107
22	48919982
22	33451300
22	45102234
22	38442725
22	23417942
22	24966585
22	50371053
22	25100290
22	18065284
22	48761675
22	18013756
22	30457095
22	21074667
22	32594287
22	33375686
22	23346158
22	33967297
22	21689951
22	32836560
22	35086751
22	34120305
22	34961978
22	45622214
22	25808585
22	27642641
22	49275618
22	49274265
22	49356408
22	49352692
22	49335068
22	49322108
22	49333633
22	30662128
22	20446548
22	27275121
22	16820953
22	36105665
22	31156716
22	19797806
22	35511205
22	47321390
22	32461090
22	17486499
22	19210716
22	27091016
22	48315247
22	27335427
22	50130417
22	27641820
22	27733299
22	26287827
22	29254703
22	44218433
22	25801838
22	23918956
22	24699485
22	37001509
22	49273817
22	49213620
22	25195311
22	47571944
22	19400545
22	27650476
22	43075942
22	36593280
22	43941653
22	27486743
22	27483122
22	26234490
22	27533892
22	49346964
22	34950636
22	34952752
22	31943227
22	47456008
22	17318639
22	17319066
22	33497615
22	34460112
22	35119414
22	35135705
22	35734035
22	36654628
22	22155208
22	24763895
22	25225156
22	25973392
22	26903403
22	26999463
22	27066453
22	45129603
22	45286544
22	48068195
22	48210499
22	49357190
22	49403768
22	37508950
22	43419787
22	37222597
22	19943884
22	34834312
22	43329415
22	35856220
22	17380689
22	17475325
22	18036234
22	19933855
22	16784304
22	17309459
22	17314518
22	17318478
22	17412187
22	17531010
22	17547645
22	18054275
22	19444922
22	19549036
22	19665535
22	20088335
22	17012541
22	17253006
22	30224371
22	30332851
22	30671440
22	32452750
22	32462694
22	33067236
22	33380896
22	34106821
22	34459172
22	34972344
22	34993231
22	35506470
22	35527362
22	36919946
22	38852662
22	39227807
22	40575699
22	41871192
22	23589658
22	25226475
22	25715051
22	26165512
22	26241482
22	26475019
22	26549322
22	26656618
22	26803274
22	26925012
22	26953791
22	26988799
22	26999422
22	27090760
22	27138036
22	27228414
22	27324676
22	27336637
22	27597636
22	30214581
22	30667630
22	30712630
22	30771718
22	30922354
22	30938531
22	31015418
22	31570327
22	32028068
22	32065510
22	32381582
22	32411782
22	32431818
22	32439472
22	32464805
22	49406727
22	32989945
22	32993011
22	33023862
22	33305541
22	33419185
22	33427322
22	33431119
22	33601737
22	34004901
22	34964068
22	35137133
22	35519341
22	35584126
22	21797532
22	35734530
22	35806094
22	36148968
22	36186028
22	36215187
22	21859680
22	36408237
22	36668481
22	37088904
22	38257569
22	22080244
22	22099103
22	40130210
22	40156115
22	40686474
22	40929786
22	41126355
22	41281313
22	43322548
22	23365833
22	23587447
22	23741686
22	24058591
22	24703148
22	24821773
22	25005470
22	25125216
22	25535470
22	25777235
22	25786592
22	25920524
22	25930102
22	25940013
22	26062422
22	26073263
22	26094287
22	26095019
22	26101141
22	26124598
22	26223104
22	26479404
22	26561808
22	26715011
22	26717734
22	26804979
22	26875644
22	20951185
22	27184726
22	27223883
22	27483372
22	27504885
22	27509965
22	27593816
22	27596301
22	27619731
22	27620331
22	27697394
22	27706972
22	27714323
22	28208595
22	29006844
22	29406603
22	29622211
22	29657950
22	30002089
22	30201891
22	43529210
22	43797746
22	43798513
22	44129494
22	43868091
22	43951553
22	44103678
22	44229539
22	43580516
22	43584736
22	44307622
22	43602844
22	45811821
22	44829417
22	45188031
22	45371511
22	45442936
22	45536399
22	45663743
22	45684972
22	45834547
22	44917875
22	45000704
22	45099875
22	45105548
22	45107636
22	45154619
22	44422756
22	45215764
22	48001148
22	48052214
22	46236692
22	48247931
22	46524208
22	47101892
22	47677108
22	47758896
22	47792527
22	47875259
22	47912613
22	47915933
22	47985673
22	47990921
22	48288321
22	48292691
22	48323646
22	46914661
22	46916038
22	49440377
22	49483704
22	49875892
22	49043259
22	49085046
22	49228031
22	49381462
22	49393176
22	49479939
22	49498519
22	49499539
22	48985051
22	50656498
22	50399812
22	50666252
22	50090487
22	48808200
22	48809278
22	48796603
22	48663744
22	19661482
22	17607062
22	17767707
22	17835136
22	18125105
22	18159414
22	19597701
22	16933750
22	30719455
22	31679913
22	32411388
22	32748888
22	33571700
22	34835420
22	35537756
22	35538543
22	36188231
22	37100807
22	22244968
22	40568008
22	22503642
22	24849871
22	25511181
22	25754617
22	25783500
22	26947929
22	27034761
22	27161078
22	27246103
22	27339249
22	27662696
22	30222611
22	30617432
22	30996620
22	31448284
22	31828818
22	32112458
22	32456090
22	32617076
22	32636795
22	33240559
22	33344494
22	33737681
22	33822184
22	33875794
22	33962651
22	34085619
22	34415056
22	34444452
22	34494219
22	34614263
22	34711932
22	34880663
22	35040057
22	35494065
22	35779721
22	36000458
22	36581972
22	36605448
22	36942244
22	37589720
22	38161595
22	39183444
22	39545627
22	22200360
22	39867993
22	22368748
22	41885145
22	43403001
22	23539400
22	24064130
22	24752950
22	25774660
22	25826487
22	26294035
22	26687029
22	27167312
22	27169569
22	27245795
22	27280616
22	27514177
22	27698575
22	27714976
22	28187691
22	28492951
22	29060711
22	44247281
22	44796741
22	45612584
22	45844210
22	44811717
22	46174335
22	47779775
22	46258138
22	46165667
22	47888765
22	47910066
22	47995689
22	48001313
22	48080474
22	48081096
22	48295341
22	48440230
22	48461672
22	46891177
22	48924014
22	49179832
22	48927715
22	49406433
22	49406616
22	49411531
22	49418574
22	48964760
22	49861811
22	19834136
22	36854391
22	25220246
22	25896692
22	26254158
22	26695787
22	45195711
22	26699051
22	19113442
22	33196927
22	32857293
22	22043729
22	22158022
22	33546908
22	37581298
22	21660855
22	25655033
22	17728439
22	43788033
22	33735750
22	33857405
22	17541084
22	44285764
22	30184263
22	17452529
22	48772295
22	48772090
22	27119802
22	25925084
22	29692268
22	30990226
22	19385261
22	35033029
22	38686169
22	43674650
22	28097441
22	22001099
22	22001243
22	32569063
22	26042141
22	32950717
22	23662600
22	34933393
22	49136494
22	34806023
22	34806161
22	47966541
22	47300078
22	26008409
22	43691394
22	31220315
22	31039176
22	24450423
22	44375738
22	30352229
22	34455117
22	40095423
22	27157164
22	48034778
22	26676183
22	35005650
22	35707904
22	27868389
22	29949803
22	31814777
22	32929818
22	35200239
22	35503429
22	35876590
22	36176467
22	45711034
22	45769221
22	45782129
22	47437057
22	17058654
22	17957260
22	22058753
22	32066425
22	17184523
22	26254917
22	37533752
22	35037829
22	33860872
22	45174804
22	49419226
22	48811967
22	46906541
22	16828926
22	17288427
22	33054838
22	34295669
22	38413480
22	22244804
22	22721160
22	27123945
22	27365736
22	27709853
22	17947427
22	30171741
22	45765111
22	45062910
22	49508011
22	32460607
22	27341196
22	42799141
22	49386255
22	19247340
22	23626838
22	42957420
22	38246032
22	39875508
22	38566546
22	27042234
22	44528514
22	23807300
22	27534890
22	45356618
22	31834362
22	39793912
22	32454362
22	36115247
22	31299499
22	33375031
22	47777842
22	32972131
22	27380463
22	34261007
22	22988239
22	24371634
22	25861770
22	25523570
22	43455585
22	26909818
22	48292312
22	49814973
22	44841530
22	45336447
22	26582883
22	45060258
22	26286581
22	29964999
22	23053883
22	26233712
22	47997675
22	49419357
22	45784098
22	22984440
22	27222759
22	33408482
22	25698573
22	49314400
22	31965226
22	33620228
22	46964493
22	48129089
22	33598132
22	43443917
22	35200343
22	27612991
22	41000470
22	16949003
22	44102283
22	29654984
22	47490061
22	33735736
22	35594811
22	49829537
22	33651458
22	36856576
22	40311839
22	33303485
22	33836628
22	26255863
22	25501363
22	47455513
22	19328584
22	27620010
22	34639577
22	49480818
22	26874056
22	49507986
22	49009764
22	25265423
22	33214578
22	32593511
22	24748709
22	20412085
22	30674231
22	22110561
22	38876636
22	47494229
22	45647322
22	35582553
22	34276838
22	47998261
22	46161789
22	49178198
22	35141103
22	27283434
22	26972229
22	50397071
22	34063968
22	28609607
22	27301051
22	36524153
22	35986366
22	46721008
22	25830848
22	32637204
22	16415484
22	31671172
22	32926204
22	26858159
22	36831673
22	25824670
22	26854578
22	28220092
22	44370653
22	47970238
22	33042982
22	32850990
22	27511468
22	45139805
22	28322229
22	49506509
22	23324045
22	34886629
22	40926902
22	47427337
22	47536193
22	48294968
22	50638325
22	34674411
22	27959884
22	26571198
22	46893732
22	28074635
22	50638454
22	36959940
22	31566090
22	28051324
22	25212648
22	33749844
22	45691341
22	36215018
22	33740232
22	48394254
22	17898275
22	27028355
22	47653871
22	35194911
22	33150728
22	33034913
22	48204631
22	20947048
22	48394776
22	22180136
22	23365707
22	30935937
22	30132232
22	47808831
22	48394975
22	45059718
22	22098350
22	31840372
22	47316851
22	31459968
22	47304797
22	35046276
22	24842839
22	22098565
22	22226733
22	28826980
22	21038654
22	30005238
22	43698208
22	35041832
22	45083280
22	17425911
22	25543107
22	36666772
22	15922837
22	29129758
22	22225090
22	48371377
22	45060539
22	27291111
22	26558759
22	26358431
22	47536646
22	23111389
22	44129859
22	34447901
22	27420553
22	34027431
22	46161262
22	17497992
22	17593780
22	47515285
22	32183755
22	32048230
22	42681137
22	28090428
22	32524661
22	32766686
22	25785627
22	30161874
22	19636581
22	27476502
22	48234372
22	33117099
22	27366605
22	49405749
22	32791655
22	32533166
22	43816958
22	26559888
22	27315282
22	25831141
22	43019575
22	33851076
22	45347333
22	21763213
22	28877978
22	24056088
22	26216148
22	44243240
22	34475750
22	34479239
22	34128701
22	34183493
22	48405749
22	47428487
22	47429033
22	34376336
22	34378951
22	48769279
22	48775829
22	32584080
22	48134953
22	44502458
22	31730577
22	23484362
22	36220089
22	45025655
22	45034841
22	45039199
22	45045450
22	45057777
22	47694074
22	47748164
22	29194234
22	44777180
22	38890394
22	28908265
22	28919846
22	36149778
22	36163389
22	36168981
22	36174190
22	41617519
22	41618374
22	45155190
22	45173105
22	38166917
22	40690493
22	40700160
22	42016361
22	29450350
22	48245655
22	48249111
22	48270683
22	48288009
22	48312247
22	37424776
22	25745715
22	25752110
22	25768112
22	32997666
22	33006858
22	33017325
22	33026233
22	27660378
22	27665571
22	26503508
22	28216657
22	28229303
22	28235912
22	28239685
22	28260703
22	35120004
22	35176605
22	35183353
22	35189997
22	19505192
22	28344595
22	28355055
22	28357845
22	28374067
22	28377816
22	29086737
22	29092174
22	29095718
22	29103822
22	29115632
22	26083985
22	26089046
22	26111679
22	26124842
22	26194656
22	27256114
22	27256329
22	27277198
22	27278992
22	27017416
22	27037303
22	27127902
22	32076472
22	28092462
22	47542142
22	21761597
22	49134639
22	48067672
22	48019621
22	48402150
22	44285732
22	32553396
22	34336565
22	34340669
22	34344699
22	28143011
22	46713628
22	49545674
22	49557199
22	49567700
22	45787687
22	45801725
22	46965348
22	46988141
22	36265490
22	36268293
22	36362502
22	30813515
22	30813148
22	30727305
22	30718099
22	32179162
22	32192365
22	26835953
22	26842842
22	26844330
22	26846679
22	26847702
22	26849349
22	26852816
22	26855404
22	45380333
22	49406818
22	42585132
22	27533521
22	26266007
22	26272558
22	26279678
22	34892867
22	34900560
22	34753499
22	34774071
22	33123937
22	33182118
22	33189184
22	32886326
22	39342496
22	43638171
22	43659215
22	41507809
22	39883526
22	39912914
22	39924357
22	39944771
22	39953483
22	39972225
22	40215624
22	40216970
22	40217069
22	40220108
22	43841102
22	43857209
22	45711198
22	45741650
22	45745671
22	45766628
22	50119411
22	50139875
22	40814652
22	40845941
22	44570247
22	49831785
22	49834093
22	44227106
22	44231719
22	39103758
22	39120510
22	39158744
22	39164661
22	24798855
22	24832408
22	24851663
22	24909838
22	24913481
22	24915337
22	49758581
22	37877296
22	36549242
22	31329648
22	27348647
22	24514161
22	21100836
22	36631633
22	45020533
22	45042375
22	34137753
22	34445017
22	34455141
22	22158670
22	19827686
22	30148570
22	35135401
22	35136741
22	27085652
22	27485882
22	28643439
22	34225671
22	34070893
22	27167813
22	41754142
22	26928363
22	22315726
22	34823539
22	33548914
22	22615660
22	36237179
22	34019881
22	25060972
22	33815605
22	34943424
22	46843245
22	26689528
22	20820024
22	16838266
22	16846705
22	24571874
22	24845666
22	25174365
22	25193960
22	25513288
22	25573539
22	25661194
22	25675509
22	25685344
22	25804891
22	25809978
22	25841733
22	25872979
22	25888808
22	26028438
22	26044726
22	26098187
22	26099320
22	26100388
22	26181380
22	18066094
22	16738735
22	16792288
22	22042942
22	16828991
22	16916176
22	26357735
22	17057299
22	17138186
22	26445677
22	26505579
22	17304334
22	26560845
22	17418561
22	32376937
22	26658215
22	22079228
22	26851394
22	19019471
22	26857308
22	22100270
22	26989810
22	26996139
22	27128338
22	27151460
22	27177841
22	27177880
22	27220364
22	27327001
22	27358080
22	27572342
22	36007737
22	36838743
22	27783868
22	27908801
22	28073837
22	28094369
22	28233725
22	28248729
22	28441853
22	28445061
22	28541314
22	28599706
22	28698770
22	25999336
22	26063332
22	26966259
22	28897220
22	29018182
22	29062800
22	29027664
22	29112584
22	29187973
22	22345751
22	29512036
22	29768380
22	29983505
22	29984228
22	22422504
22	30194860
22	30196819
22	20630713
22	22470451
22	20875276
22	22576092
22	31798595
22	31802487
22	22546804
22	31833949
22	31451926
22	31528812
22	31998705
22	32053055
22	32177897
22	32271879
22	32287501
22	32433493
22	32511251
22	32543354
22	43590261
22	32603580
22	32606165
22	43630231
22	43988741
22	44046561
22	33158387
22	33242329
22	33283107
22	33330237
22	33377604
22	33415508
22	44481492
22	33449563
22	33654741
22	33744447
22	33877319
22	34344921
22	34365583
22	22870627
22	34495618
22	34501569
22	34503048
22	34538477
22	34599499
22	45700117
22	34643043
22	34769918
22	34956387
22	35032569
22	35055646
22	35190752
22	35316498
22	46827246
22	46828232
22	35608824
22	46913897
22	35857552
22	35863560
22	47059799
22	47077603
22	36115231
22	47238392
22	47246809
22	36265845
22	47419127
22	47469441
22	36686376
22	47622496
22	47653951
22	47674317
22	36900271
22	36919904
22	47816323
22	47859721
22	47882245
22	37202786
22	47928916
22	47929944
22	48046118
22	48168646
22	37886904
22	38488441
22	48440472
22	49114398
22	38935341
22	49498200
22	39417943
22	23408989
22	39881230
22	40101869
22	40432928
22	40448892
22	40506340
22	23485397
22	41140060
22	41396203
22	41460037
22	42188460
22	42221009
22	42933757
22	43043256
22	24484206
22	16992339
22	17332249
22	18149609
22	20045053
22	34189666
22	20950207
22	21789417
22	49254622
22	49258712
22	49282512
22	33813612
22	33813714
22	26293139
22	28457710
22	17515556
22	17520129
22	27171992
22	29013978
22	29428534
22	27983010
22	28407403
22	16825294
22	16827351
22	16829598
22	16830137
22	22140471
22	22151369
22	45451315
22	43630245
22	47748977
22	23743065
22	25986798
22	45722387
22	47552768
22	25111997
22	47651376
22	30481949
22	47746168
22	32445773
22	34934421
22	33055841
22	35634118
22	30338727
22	33694974
22	33787270
22	17494447
22	32017540
22	21756338
22	21767860
22	20776043
22	33691567
22	17420128
22	17424057
22	33827046
22	17475723
22	33940618
22	36826192
22	19128143
22	22061559
22	22067001
22	21988067
22	49410159
22	46829121
22	46843122
22	50130477
22	16434967
22	35597968
22	24474559
22	26492094
22	28734359
22	28736376
22	18151884
22	17729764
22	47673220
22	30105435
22	17408916
22	33633962
22	34135022
22	41847016
22	27427407
22	27482896
22	27465004
22	23519078
22	22086088
22	32511734
22	45648899
22	25479298
22	38375835
22	37114993
22	33331737
22	33654575
22	47494365
22	16956420
22	35707662
22	35707731
22	47753448
22	16616526
22	36233031
22	49363307
22	29992612
22	36195334
22	35016843
22	25997015
22	31448387
22	38801225
22	43849129
22	28527945
22	38143597
22	34944114
22	40130468
22	45123159
22	34137646
22	30203607
22	29675955
22	16590153
22	22207584
22	36540099
22	26166174
22	27007990
22	34494456
22	35216575
22	45069187
22	34527865
22	36714224
22	48928526
22	47873762
22	27579241
22	27575980
22	25898546
22	17973426
22	23743667
22	23198726
22	44382858
22	25874665
22	29359899
22	29519199
22	28030140
22	43964127
22	26247777
22	26247813
22	19454219
22	19233883
22	19784656
22	27778609
22	27772495
22	29814367
22	17891384
22	27067889
22	48317739
22	32425152
22	43070211
22	43051977
22	41173818
22	17422635
22	24349530
22	17912475
22	35245699
22	34850900
22	16613859
22	26938880
22	35160174
22	35235597
22	32554067
22	34124776
22	16856564
22	27360339
22	41117090
22	28527329
22	21786940
22	32735500
22	37009870
22	48795942
22	26985383
22	35123857
22	32442389
22	25599816
22	49405119
22	49288654
22	35185406
22	26690404
22	22741784
22	17011643
22	27052066
22	26136381
22	26232023
22	27533309
22	47647105
22	47813460
22	26393802
22	22041356
22	37245956
22	34918763
22	26925209
22	26845501
22	23656217
22	34691220
22	33200309
22	18110639
22	48272769
22	28773302
22	49883047
22	45851477
22	28962814
22	36187036
22	30944638
22	17086917
22	49222985
22	16730185
22	29626947
22	25909906
22	36689890
22	33436331
22	21973977
22	23193795
22	26572541
22	27782022
22	30554373
22	32108798
22	32862230
22	33286985
22	33319145
22	33420236
22	33452986
22	33593345
22	33672581
22	33717603
22	33721792
22	33739943
22	33813332
22	33863922
22	33899477
22	36611423
22	36621935
22	36704215
22	38169202
22	39936840
22	39953349
22	42903872
22	42938762
22	50609972
22	25840824
22	25872446
22	35284102
22	45413743
22	25703574
22	43063849
22	44151233
22	41148955
22	22059708
22	36489605
22	43936597
22	45691290
22	26528569
22	26563860
22	26563893
22	29400786
22	33402216
22	33545177
22	33614560
22	33675622
22	33756073
22	33758033
22	36578733
22	36619282
22	36805773
22	42929435
22	25887747
22	25912753
22	17885885
22	45342446
22	47463450
22	32397282
22	40310632
22	27978473
22	17611526
22	29838056
22	49346497
22	33134054
22	33163982
22	26601518
22	20909263
22	22201068
22	22573666
22	23927846
22	24685274
22	25244026
22	25546703
22	25753600
22	26865554
22	27063760
22	47333205
22	48123354
22	27191039
22	27373068
22	27365167
22	27918000
22	44577859
22	43614264
22	33739021
22	33751588
22	33704538
22	43723995
22	33663501
22	33626985
22	21897783
22	30098382
22	30143832
22	30196080
22	31508184
22	33594217
22	35036494
22	36207285
22	36916519
22	42802253
22	43001030
22	32974751
22	32979975
22	32991785
22	32896927
22	32823901
22	27010473
22	17486811
22	19268333
22	29653595
22	20000241
22	17725161
22	17057549
22	22019568
22	17706703
22	36700056
22	49222752
22	43317247
22	44417775
22	25849866
22	25513844
22	19097176
22	19090414
22	33770152
22	23783502
22	41653155
22	41660230
22	19672397
22	30985905
22	44126979
22	40177756
22	17049480
22	27257463
22	35485152
22	26024372
22	47534984
22	47967165
22	29670579
22	36972210
22	49310652
22	49316267
22	49250136
22	49253798
22	32593155
22	35493577
22	32708287
22	29901557
22	32417568
22	49987181
22	22507163
22	48300381
22	22097067
22	24894635
22	25797857
22	26835440
22	27053978
22	48006604
22	16821857
22	34503618
22	35082493
22	42462604
22	39895135
22	40003823
22	38002260
22	31879803
22	30621435
22	21587446
22	42252347
22	47646218
22	22162491
22	17721325
22	27316138
22	17950837
22	49414458
22	22079508
22	27702456
22	40169538
22	26446397
22	21631812
22	32449480
22	43782213
22	27415806
22	21693825
22	27152314
22	41103967
22	17941532
22	32453944
22	24209970
22	42184976
22	43717299
22	26996428
22	26408087
22	39422749
22	39421389
22	34073458
22	21099213
22	33840221
22	38247794
22	32904152
22	22064317
22	33840029
22	43806574
22	22847663
22	26008172
22	43708777
22	16801128
22	35011693
22	27340434
22	48044113
22	22513887
22	22513069
22	40569643
22	20389481
22	18089062
22	35072387
22	35058471
22	20378519
22	20397049
22	43457797
22	29941060
22	50134607
22	17888871
22	20405382
22	22547644
22	25722533
22	43600408
22	44883440
22	45344343
22	26451546
22	29292643
22	22030775
22	35303052
22	17152779
22	17717620
22	24068045
22	26337804
22	29907604
22	31471717
22	31954907
22	36596440
22	39462322
22	39657762
22	42561784
22	42931520
22	30790322
22	45193521
22	17145346
22	25679221
22	31575652
22	33830604
22	24564192
22	30667432
22	44244803
22	33710204
22	25790224
22	25826089
22	34155115
22	17221968
22	34246732
22	27079644
22	34204024
22	18912514
22	22485078
22	34200567
22	22015350
22	22014399
22	22033934
22	30009162
22	30009994
22	30012721
22	17951322
22	30933654
22	36921872
22	32386167
22	34332223
22	22024031
22	46215366
22	47840502
22	47840491
22	27424790
22	28027390
22	35605522
22	33925206
22	33241101
22	48795051
22	22046608
22	24694844
22	31957849
22	22391236
22	22030471
22	34335041
22	22020046
22	17965510
22	34332188
22	33779267
22	23325825
22	23022419
22	21093005
22	22034613
22	34207999
22	30156522
22	39404699
22	32348058
22	34339383
22	22033688
22	22373536
22	27029694
22	33139865
22	17968827
22	44578613
22	44404759
22	21095122
22	17726847
22	26076040
22	32550333
22	47906183
22	27043742
22	35611417
22	34735496
22	47478923
22	30214787
22	40146911
22	22017240
22	46892249
22	18044023
22	26265534
22	18088242
22	35411041
22	35417192
22	18102298
22	29171677
22	48314345
22	39917352
22	27981095
22	33757792
22	17387100
22	17399187
22	16973066
22	17135327
22	17642210
22	17908295
22	18035868
22	16986794
22	17033482
22	31950481
22	31996450
22	32501543
22	33999182
22	34113307
22	34179341
22	34513971
22	35035018
22	35708600
22	36313526
22	22129955
22	22211740
22	41141585
22	41153917
22	42510298
22	42816426
22	43367751
22	25263211
22	26023842
22	26564573
22	26680012
22	26789992
22	27055605
22	27098341
22	27107620
22	27107875
22	27264500
22	28697251
22	29987318
22	31060020
22	31308553
22	31533668
22	32270640
22	32582241
22	32827869
22	21619030
22	33092418
22	33742641
22	34179169
22	34185331
22	34234115
22	34429797
22	34931751
22	34939338
22	21832153
22	35530340
22	35598064
22	35598236
22	35604500
22	36219976
22	36845745
22	36845851
22	36874401
22	36903457
22	36951038
22	22090164
22	37859318
22	22169271
22	40236043
22	40326741
22	41019640
22	41539908
22	22571225
22	23204392
22	23474241
22	23487274
22	24694403
22	24777560
22	25529111
22	25597809
22	25790631
22	25833244
22	26326547
22	26349354
22	26495842
22	26678086
22	26907182
22	27037287
22	27112896
22	27158131
22	27370114
22	27425695
22	27473056
22	29016161
22	30199640
22	43627293
22	43705938
22	43744894
22	43792916
22	45403396
22	44514237
22	44527200
22	44565281
22	44565595
22	47730651
22	47968221
22	46202410
22	47339669
22	47434284
22	47490914
22	47732915
22	47818155
22	48929644
22	49467384
22	49267333
22	49697711
22	50089389
22	25514588
22	33757060
22	27231455
22	40271991
22	44793583
22	27224968
22	27267049
22	27225190
22	27323190
22	25541854
22	27283639
22	27301025
22	27316720
22	27213635
22	27208187
22	26416947
22	26398972
22	27351309
22	27226684
22	27203045
22	17380103
22	17411511
22	17413571
22	17444918
22	17920863
22	18025411
22	16593260
22	19237111
22	19341828
22	19595583
22	19933123
22	16809120
22	17337256
22	17433094
22	17467164
22	17494000
22	19193461
22	19244817
22	19301923
22	19579613
22	16800220
22	16819430
22	16929483
22	16932553
22	16932705
22	16934682
22	16991181
22	17090465
22	17128949
22	17143830
22	17217283
22	17224918
22	17346727
22	17354028
22	30341026
22	30731947
22	31323753
22	32283394
22	32372564
22	32456735
22	25447917
22	32651647
22	32863638
22	33537984
22	33592484
22	33628220
22	33701779
22	33828327
22	34015725
22	34085782
22	34121244
22	34231042
22	34299419
22	34309076
22	34414325
22	34652151
22	34766504
22	34801972
22	34858135
22	34934388
22	34999561
22	35080970
22	35542334
22	35579745
22	35732038
22	36154337
22	36706880
22	22064404
22	37706339
22	38150693
22	22141221
22	38488770
22	38591407
22	40833145
22	41340263
22	41504435
22	41557289
22	41774021
22	41811417
22	22490916
22	42243639
22	42718173
22	43039421
22	23409301
22	24310192
22	24920383
22	25176781
22	25528477
22	25555772
22	25781953
22	25799463
22	25807723
22	25811943
22	25864085
22	26194234
22	26196791
22	26210290
22	26245115
22	26533592
22	26713512
22	26808958
22	26935243
22	26954604
22	27096638
22	27198136
22	27229759
22	27253551
22	27337944
22	27385609
22	27466808
22	27699785
22	27702031
22	27705683
22	27739309
22	28638976
22	28757559
22	28875421
22	29093013
22	29494077
22	29525098
22	29681736
22	29837457
22	30539442
22	30674506
22	30831386
22	30831914
22	30996728
22	31030012
22	31049960
22	31053755
22	31153595
22	31308392
22	31375196
22	31467111
22	31551962
22	31574068
22	31585166
22	31917947
22	31989311
22	32189600
22	32271520
22	32294253
22	32315530
22	32317775
22	32323062
22	32429957
22	32455524
22	32539566
22	32595373
22	32658701
22	32708072
22	32774391
22	32781404
22	32863077
22	32874361
22	33045768
22	33049975
22	33057436
22	33067564
22	33294681
22	33315243
22	33452037
22	33523948
22	33651807
22	33712380
22	33797894
22	33842143
22	33873503
22	34077156
22	34077663
22	34152657
22	34240354
22	34244057
22	34331182
22	34385673
22	34412559
22	34415848
22	34604426
22	34639315
22	34708710
22	34737152
22	34799783
22	34826327
22	34829469
22	34847661
22	34898550
22	34932906
22	34944841
22	34985908
22	35004295
22	35014803
22	35016534
22	35021346
22	35033949
22	35097458
22	35370937
22	35615875
22	35638396
22	35645603
22	35674862
22	35677071
22	21878915
22	35708683
22	35760378
22	35922871
22	35934428
22	36052299
22	36189923
22	36492019
22	36705302
22	36830165
22	36911206
22	36981696
22	37011486
22	37103652
22	22132397
22	38260747
22	38261388
22	22135336
22	22160031
22	38611169
22	22171441
22	38644612
22	22176637
22	22177139
22	38826647
22	38910075
22	39205375
22	39769687
22	40386334
22	40519714
22	40550852
22	40765045
22	40999121
22	41680637
22	41763405
22	22504565
22	42058350
22	42122378
22	22598141
22	22601851
22	43007837
22	43308279
22	43418238
22	22740008
22	23203247
22	23358720
22	23479243
22	23746137
22	23906127
22	24273497
22	24324416
22	24358943
22	24564159
22	24707134
22	24816946
22	24898697
22	24919527
22	24939827
22	24992351
22	25004544
22	25105887
22	25146030
22	25218207
22	25445178
22	25554783
22	25557958
22	25563342
22	25806240
22	25809807
22	25817717
22	25828129
22	25859008
22	20923183
22	26131100
22	20931558
22	26163154
22	26243032
22	26263288
22	26335690
22	26342259
22	26437195
22	26496932
22	26610734
22	26618503
22	26876317
22	26965031
22	26968337
22	26972320
22	26976822
22	27042424
22	27094630
22	27095401
22	27096501
22	27101742
22	27144187
22	27144473
22	27204032
22	27266252
22	27339307
22	27352001
22	27384563
22	27389536
22	27399484
22	27465961
22	27543011
22	27569133
22	27584790
22	27712545
22	27885136
22	27910619
22	27928391
22	27941723
22	27975553
22	28151422
22	28179555
22	28232221
22	28270973
22	28272815
22	28297508
22	28807976
22	28840320
22	28943097
22	28967356
22	28973410
22	28982720
22	28987093
22	28994061
22	29126781
22	29243101
22	29289763
22	29380334
22	29440937
22	29444351
22	29533638
22	29845124
22	29877175
22	30005774
22	30108663
22	43995145
22	43620047
22	43638054
22	43780148
22	43815018
22	44148780
22	43601529
22	44455941
22	44836003
22	44932345
22	45485434
22	45661570
22	45839581
22	44528561
22	44545966
22	44834556
22	45088919
22	45106652
22	47352760
22	47639987
22	47750761
22	47829634
22	47830030
22	48031985
22	48104712
22	48245626
22	48462668
22	47204693
22	47311994
22	47330339
22	47345697
22	47412963
22	47475487
22	47550772
22	47680940
22	47709116
22	47710986
22	47757762
22	47764610
22	47840035
22	47858410
22	47860309
22	47892188
22	47900399
22	47932507
22	47964143
22	47990697
22	47993510
22	48138874
22	48208157
22	48283872
22	48347437
22	48404229
22	46713692
22	46906090
22	46921996
22	46934432
22	47081304
22	49467748
22	48969544
22	48984548
22	49103500
22	49119758
22	49226610
22	49359218
22	49367574
22	49395287
22	49683714
22	49883180
22	50143808
22	48767192
22	48799504
22	26319427
22	26352944
22	48209837
22	26416790
22	20779543
22	20786891
22	25548511
22	17419355
22	19333529
22	19648827
22	19954424
22	16802212
22	16929900
22	17282290
22	17322982
22	17420587
22	17420794
22	17909096
22	17973488
22	18062868
22	19068506
22	16587858
22	19111801
22	19111906
22	19335739
22	19587084
22	16993799
22	17228938
22	17322703
22	17322896
22	32259297
22	32276805
22	32286818
22	32340868
22	32464198
22	32610981
22	32746922
22	33073298
22	33190758
22	33286287
22	33828811
22	34037124
22	34479623
22	34592602
22	34774805
22	34919186
22	35224904
22	35657023
22	36064165
22	36064283
22	36215817
22	36573087
22	36838651
22	22151146
22	22185250
22	20534640
22	40726655
22	41629173
22	42679822
22	42834621
22	22974682
22	23824214
22	24973352
22	25273602
22	25789268
22	25939772
22	26049422
22	26682755
22	26881055
22	27152465
22	27313599
22	27874384
22	27952845
22	28052534
22	30416560
22	30726949
22	30894650
22	31512039
22	31647644
22	31680969
22	31852258
22	31867176
22	31907794
22	31952866
22	31959468
22	32158361
22	32169049
22	32169855
22	32223228
22	32230629
22	32238717
22	32283656
22	32317262
22	32373637
22	32395521
22	32562074
22	32694631
22	32962552
22	32983570
22	33049327
22	33135498
22	33209193
22	33288660
22	33310364
22	33335913
22	33341257
22	33433010
22	33484207
22	33574756
22	33574988
22	33750984
22	33795331
22	34149063
22	34186705
22	34422554
22	34436641
22	34568105
22	34577072
22	34586465
22	34605240
22	34875104
22	34935100
22	34944288
22	34989039
22	35000492
22	35038529
22	35051090
22	35097374
22	35106077
22	21833371
22	35503599
22	35526557
22	35637294
22	35644117
22	35734739
22	35902112
22	35938213
22	35962944
22	36032340
22	36047657
22	36071697
22	36079174
22	36108631
22	36166948
22	36196685
22	36204013
22	36843404
22	22048725
22	22108630
22	22147102
22	22150553
22	38797923
22	39052706
22	39122229
22	39773921
22	40158004
22	22377844
22	22424588
22	22469945
22	41963923
22	22580424
22	42748765
22	42937421
22	43068410
22	43380846
22	43453519
22	22860709
22	22954644
22	23037448
22	23351710
22	23359208
22	23745973
22	23919925
22	20379205
22	24022978
22	24751192
22	24813813
22	24834942
22	25159981
22	25331345
22	25478535
22	25532662
22	25545775
22	25791036
22	25830465
22	25844267
22	25863824
22	25899692
22	26011025
22	26046141
22	26059250
22	26130930
22	26236031
22	26292466
22	26314695
22	26337333
22	26552500
22	26552521
22	26677296
22	26715188
22	26807789
22	26835020
22	26855018
22	26889981
22	26998880
22	27014408
22	27108199
22	27293529
22	27295324
22	27529117
22	27713676
22	27719606
22	20420164
22	28279795
22	28286628
22	28831983
22	28856377
22	29375923
22	29428143
22	29443858
22	29770641
22	30202527
22	43678088
22	43997195
22	43626514
22	43660037
22	43959350
22	44249103
22	45681033
22	45716695
22	45372481
22	45489193
22	45649994
22	44475950
22	44486088
22	45810499
22	44828007
22	45100668
22	45117287
22	47469015
22	47519713
22	47636696
22	47686686
22	47717378
22	47717403
22	47742091
22	46258426
22	47763655
22	47963191
22	48285958
22	48409313
22	46439140
22	46641810
22	46803888
22	46815285
22	46899110
22	46901697
22	47217526
22	47563713
22	47612572
22	47749067
22	47761219
22	47798426
22	47824071
22	47825231
22	47877881
22	47964184
22	47975805
22	48051882
22	48125352
22	48222347
22	48270722
22	48274998
22	48292822
22	26405009
22	46494233
22	46849939
22	46854221
22	46864258
22	46884364
22	47018345
22	49316519
22	49410443
22	49000169
22	48917749
22	49121135
22	49130621
22	49226455
22	49229458
22	49409459
22	49511329
22	49887696
22	26272840
22	26330988
22	22006252
22	26404043
22	26310030
22	26288992
22	25457401
22	33781121
22	19936498
22	17366052
22	30525384
22	31975505
22	32320310
22	33693196
22	21831058
22	41493398
22	41989963
22	43315074
22	23366104
22	26108873
22	26108957
22	27252311
22	27386265
22	25538911
22	26330400
22	26371301
22	26269133
22	25504640
22	25837337
22	25858289
22	25880482
22	28409249
22	21710133
22	19215568
22	34704943
22	22084887
22	17648780
22	35118133
22	32287391
22	34065213
22	27175461
22	28964667
22	27073203
22	26502276
22	34284184
22	43684599
22	39771138
22	25101293
22	44418913
22	27219344
22	32654150
22	25685906
22	30108218
22	47794978
22	25636527
22	33797847
22	17503330
22	47340018
22	17727794
22	34177142
22	29047721
22	26658235
22	19409626
22	33930410
22	26580806
22	30840783
22	50379056
22	32713920
22	30824617
22	34945988
22	19401424
22	46891845
22	26272663
22	27724719
22	33421512
22	33282643
22	21714451
22	39946210
22	43522577
22	29745833
22	22094716
22	23906091
22	33672151
22	34192713
22	27622949
22	22997449
22	30079165
22	25514348
22	34958652
22	33766982
22	47527079
22	22090001
22	30107223
22	21825894
22	25829417
22	43084920
22	43535784
22	34943412
22	45044650
22	25883997
22	23703881
22	45175390
22	16826852
22	49318744
22	34308198
22	33674439
22	23587665
22	25981029
22	32241161
22	41842023
22	36804456
22	17621112
22	27221795
22	26546161
22	34416948
22	36961178
22	17151401
22	30695646
22	49247362
22	25776994
22	22102288
22	24888099
22	23140775
22	47522669
22	25086487
22	38232300
22	39188441
22	32237746
22	32362984
22	26416666
22	31744948
22	26078339
22	23475299
22	22241654
22	43567454
22	46184114
22	25114727
22	30532106
22	25720996
22	34323889
22	26985426
22	33577919
22	34479371
22	26325143
22	31834930
22	22073672
22	32712164
22	25943005
22	49394498
22	37884707
22	28305456
22	33506073
22	33396797
22	31057335
22	24842762
22	30514638
22	23910633
22	32173276
22	35610998
22	45106948
22	34381209
22	24723669
22	36967361
22	23044467
22	32228077
22	25799473
22	31221375
22	33146478
22	45817961
22	32236672
22	26285487
22	36660972
22	19003775
22	27286666
22	31568057
22	45835265
22	38942726
22	33152075
22	22367332
22	26374424
22	32720796
22	47333549
22	38862073
22	40273644
22	33262099
22	46967168
22	26910696
22	26678805
22	23737056
22	28481727
22	26794743
22	36721010
22	27293680
22	45093550
22	22569686
22	30003428
22	17229045
22	17228881
22	16799498
22	38800932
22	36874460
22	27185680
22	34655143
22	32466395
22	32377279
22	27694254
22	26287362
22	43737174
22	49698500
22	34865723
22	27905755
22	27909521
22	36726306
22	36728278
22	26078693
22	26221939
22	26222099
22	48038895
22	47835192
22	24728344
22	34275022
22	33869891
22	34493105
22	36612881
22	33892989
22	32567309
22	43451879
22	36812105
22	49312688
22	47310752
22	40002841
22	44795174
22	28915283
22	26878482
22	25851887
22	26466187
22	26677895
22	22951210
22	17817171
22	36900630
22	27039491
22	25509912
22	28707229
22	22081507
22	33762809
22	34507164
22	31856448
22	33165760
22	29443514
22	47899403
22	44218690
22	19592662
22	49118551
22	27089339
22	27097948
22	38222458
22	24996337
22	43365862
22	47862481
22	24062975
22	21707924
22	50504581
22	33836963
22	33837579
22	32739936
22	35637059
22	36834165
22	35071206
22	45839225
22	27037216
22	34391733
22	27305356
22	26203327
22	46811910
22	46776346
22	46769520
22	33756932
22	33638269
22	45149519
22	48782499
22	45845780
22	32884110
22	19167095
22	19236592
22	26357329
22	24337592
22	29449932
22	31987171
22	38907573
22	49537003
22	50369373
22	39872813
22	44569740
22	34924709
22	18985490
22	47318071
22	47904203
22	27521109
22	27337579
22	49516242
22	44413656
22	27035580
22	34419899
22	33195176
22	26059528
22	35098108
22	34957273
22	47671448
22	32635190
22	28931989
22	24915514
22	24761488
22	27148323
22	22839499
22	43470598
22	45127279
22	42000367
22	43589454
22	47750742
22	50665264
22	27085060
22	49358402
22	32221698
22	30495425
22	33866428
22	27530319
22	31044443
22	26319261
22	33801434
22	47499597
22	21799729
22	29105256
22	30973803
22	26004353
22	41078783
22	23350551
22	23929518
22	47577357
22	29505514
22	34896301
22	32340411
22	33451090
22	23848692
22	32634312
22	22088750
22	27719096
22	36046074
22	26103067
22	33532063
22	48763021
22	16815810
22	29352870
22	34700882
22	23442489
22	48215304
22	33438682
22	30122244
22	27139476
22	33412523
22	40239717
22	29904590
22	29103606
22	23354277
22	34109889
22	31685695
22	32219017
22	22780011
22	33712188
22	33073045
22	36543189
22	47026413
22	27409222
22	47802442
22	22547848
22	49352744
22	49337733
22	33762453
22	33626300
22	22033722
22	46171489
22	40685223
22	23021261
22	23119238
22	19350678
22	38879400
22	48276490
22	50118307
22	35503337
22	49884790
22	22957595
22	35019005
22	49213763
22	30831147
22	44254293
22	31425733
22	35381161
22	23817250
22	22185882
22	47575292
22	40280997
22	43748046
22	17436386
22	17989086
22	17319867
22	30467859
22	33617823
22	38632908
22	26868319
22	26920472
22	46863429
22	49005304
22	32853886
22	21091107
22	48188800
22	36624220
22	17507312
22	17915441
22	17975076
22	16945527
22	17532462
22	17977123
22	18029328
22	18088992
22	40997516
22	16622188
22	19677892
22	20097158
22	16805486
22	17087577
22	30705659
22	31505881
22	32468892
22	33872435
22	36078583
22	39003433
22	40594073
22	41862268
22	42796474
22	24360897
22	26083779
22	26988908
22	29432051
22	30682354
22	31041406
22	31349288
22	31939430
22	32311789
22	32344808
22	32413845
22	32485613
22	32888779
22	34176093
22	34193505
22	34255553
22	34459212
22	34722521
22	34829522
22	34952096
22	36176807
22	21854850
22	36268069
22	22032219
22	38629272
22	39861986
22	40385158
22	41553255
22	42734273
22	42734392
22	22952949
22	22955519
22	24460361
22	24697154
22	24763983
22	25061478
22	25907643
22	25996739
22	26002819
22	26101405
22	26152376
22	26181600
22	26199572
22	26559930
22	26575190
22	27004484
22	27041505
22	27045586
22	27051687
22	27105121
22	27203456
22	27239040
22	27593929
22	27850320
22	28252657
22	28786301
22	29430623
22	29539715
22	43791807
22	43802135
22	44234797
22	45415482
22	44571994
22	44917675
22	44924329
22	45177525
22	45179105
22	47735460
22	47983261
22	48207612
22	46523644
22	47230596
22	47632271
22	47696755
22	47737709
22	47791461
22	47900254
22	47953807
22	48025559
22	48214031
22	48219142
22	46523864
22	46916421
22	46959843
22	49378715
22	49381276
22	49496305
22	49895922
22	49537067
22	49614924
22	49699214
22	50398795
22	50118806
22	17429240
22	17704450
22	18146179
22	19639935
22	19426183
22	19655557
22	19908612
22	16982299
22	16989889
22	17074120
22	32490190
22	32721750
22	33050951
22	34046011
22	34865014
22	34936013
22	36117367
22	36226776
22	36584234
22	22132999
22	22141088
22	43453311
22	25438262
22	25806631
22	25953131
22	26238784
22	26682503
22	26835326
22	26899271
22	27314642
22	28112228
22	28224596
22	21070300
22	30150256
22	31194222
22	31960163
22	32220670
22	32557473
22	32734912
22	32918973
22	32951567
22	33052150
22	33071071
22	33302560
22	33608486
22	33650852
22	33657634
22	33737416
22	33843069
22	33873183
22	34442705
22	34470115
22	35042704
22	35103263
22	22043373
22	40281511
22	40568154
22	40996086
22	22336808
22	41504293
22	41885583
22	42259277
22	42402486
22	22990158
22	23649788
22	23909195
22	24705834
22	25150650
22	25839627
22	25854268
22	25951373
22	26057064
22	26058629
22	26228189
22	26941265
22	27004874
22	27161773
22	27577350
22	27879390
22	28147812
22	28445851
22	28462260
22	28643965
22	28692602
22	28878609
22	30104969
22	45806295
22	45345483
22	45707476
22	45825739
22	47384008
22	48106161
22	48332884
22	48404356
22	46033113
22	47215584
22	47633235
22	47762665
22	47776728
22	48075892
22	48287361
22	49401677
22	49125029
22	48964612
22	50102337
22	44147456
22	23624533
22	24541002
22	42991705
22	26071416
22	28970430
22	27181299
22	49809714
22	22465041
22	34825520
22	16744429
22	43592362
22	48767809
22	27336837
22	27289197
22	27945065
22	49340590
